100
95669
32543
7144
99553
96503
40486
94173
38475
94234
71405
1088
53873
85604
86118
37210
98365
34340
15051
40638
96717
97144
13900
8192
23777
48771
38009
91594
94687
96190
96775
63492
2233
69845
12270
16778
10
87362
91129
83119
8085
46423
3
1
17591
55742
91599
78667
52264
91367
80890
95690
28900
13979
16101
52998
50472
15336
99778
256
57068
93030
88545
97640
93243
94374
56527
97670
98779
54645
84199
41766
58200
28535
2048
52034
2
5293
23215
73637
9618
35441
85178
9271
6207
256
56966
32471
256
97020
29493
13036
19289
96041
79521
75621
99598
94528
32768
50668
73330
