10
100 20
64 82 30 1 3 48 1 20 36 30 92 78 1 59 58 7 44 22 41 48 35 15 54 14 69 84 36 52 78 85 65 94 67 95 94 21 94 46 40 81 27 31 58 27 42 15 33 85 36 25 32 23 39 37 36 59 72 23 11 50 60 27 95 78 73 88 98 66 85 38 46 11 20 55 37 13 69 21 49 5 45 33 79 35 21 66 94 93 89 56 94 48 82 88 25 55 27 74 72 11
63 4981
73 5016
24 4990
47 4958
81 5003
49 4974
80 5024
11 4951
44 4995
92 5019
11 4966
31 4958
24 5044
99 5001
81 4981
12 5008
39 4967
77 4988
44 4975
7 4975
12 10
7 52 54 85 15 53 28 70 97 12 33 33
6 78
5 70
7 73
5 67
10 76
3 78
8 78
9 72
3 75
1 70
13 20
6 97 90 58 76 59 6 87 43 39 29 19 95
8 91
8 85
5 81
12 81
11 88
5 87
9 82
1 81
4 86
3 82
10 85
12 87
4 91
6 89
10 88
7 88
4 90
12 84
12 82
7 81
990 20
53 38 6 81 31 74 21 98 46 9 55 80 25 70 68 27 79 45 9 7 17 71 80 92 41 88 87 45 23 56 87 75 45 93 8 75 18 80 73 15 41 27 95 65 48 62 43 26 58 51 85 74 21 16 17 13 55 56 9 77 63 96 52 7 88 11 82 57 90 54 71 30 32 65 46 79 78 88 56 36 38 92 61 10 7 78 74 62 85 83 38 47 78 41 53 17 51 86 73 93 91 95 22 22 60 20 100 37 7 8 24 97 99 85 6 6 14 32 19 98 14 56 44 43 49 48 11 51 34 83 43 24 77 17 98 88 36 97 77 42 4 100 38 55 84 96 60 97 79 78 46 92 85 41 86 85 89 96 36 74 30 78 49 6 46 46 46 33 95 22 27 50 73 64 4 9 11 15 57 89 92 3 32 29 43 17 13 83 12 100 8 93 30 9 99 75 6 96 8 100 69 34 50 41 49 5 1 12 20 58 52 63 60 36 91 54 52 56 89 16 55 96 8 84 56 58 11 62 5 70 61 73 55 62 66 55 19 66 66 38 23 70 100 34 5 43 40 8 50 28 75 56 75 35 92 31 44 2 92 49 23 4 73 77 18 38 31 36 56 49 73 30 18 24 16 74 66 55 81 67 82 8 23 56 42 66 86 85 67 29 85 41 33 58 69 50 47 99 37 2 99 9 84 68 32 99 41 50 53 74 68 34 81 90 41 22 7 79 58 25 7 43 65 91 100 33 92 46 84 28 100 82 88 83 50 20 81 42 21 33 15 40 18 47 82 58 68 88 88 26 13 95 20 77 37 19 10 29 16 45 8 15 26 96 97 27 67 29 69 87 13 35 78 82 82 59 40 1 47 79 78 59 25 97 35 62 15 96 42 31 40 49 97 18 44 94 96 10 74 16 48 87 51 26 68 84 84 59 84 30 90 14 40 14 10 75 75 25 22 16 7 14 17 3 83 60 48 78 22 74 94 21 60 96 98 79 31 34 90 66 15 79 79 55 44 89 81 19 65 54 86 71 67 2 25 49 14 73 79 35 98 24 7 57 71 5 87 1 38 28 66 4 58 45 58 2 33 38 72 49 92 9 19 10 11 95 11 24 19 41 10 16 64 16 24 34 72 11 34 61 90 51 65 100 95 74 53 79 12 24 27 55 84 97 16 94 92 26 69 10 66 30 26 81 98 49 14 69 11 99 82 53 50 46 4 96 19 56 27 82 31 5 88 14 2 4 60 45 81 28 6 99 58 31 79 55 32 93 75 94 43 56 98 44 53 1 92 24 8 18 57 38 22 97 52 75 52 11 19 32 90 25 30 99 7 9 5 90 53 80 36 95 87 85 91 92 86 82 67 93 99 23 83 72 71 86 99 22 48 69 54 37 45 35 36 52 43 40 93 47 71 80 94 10 65 84 1 2 65 67 94 15 41 28 38 12 13 36 33 60 5 38 97 49 73 84 52 67 75 97 14 98 76 59 7 92 42 7 93 58 25 39 24 17 66 61 28 79 49 13 90 5 50 86 5 74 21 57 41 96 5 6 45 32 64 51 24 57 9 68 14 33 6 89 1 24 1 29 54 49 93 43 5 94 81 10 68 1 18 60 48 22 65 92 53 28 94 28 36 2 96 49 86 53 89 87 28 89 67 81 90 11 76 94 4 56 3 23 8 72 82 8 93 98 99 98 77 45 25 12 46 72 12 32 25 100 70 52 89 36 85 30 46 60 23 1 67 78 24 74 1 57 81 94 55 32 91 83 76 67 95 21 39 6 4 15 58 25 18 98 60 2 27 57 13 1 58 79 30 33 53 31 41 85 76 95 16 18 30 43 84 24 16 74 81 71 88 90 96 6 87 7 59 65 64 72 66 73 2 47 57 6 77 97 91 52 44 58 21 73 1 5 48 16 78 80 86 18 70 81 75 56 88 33 73 3 56 38 27 58 36 83 63 13 31 5 16 26 63 37 98 63 93 97 30 22 77 67 39 46 48 65 53 87 98 25 41 5 14 67 62 50 1 77 14 83 81 81 9 95 69 58 9 13 55 38 35 83 5 25 80 4 90 84 42 39 61 82 43 74 100 57 75 52 85 40 34 17 73 94 12 93 52 20 6 6 58 40 88 14 16 19 17 5 2 10 95 62 91 90 88 42 46 62 93 82 54 78 98 26 72 61 18 23 81 75 80 90 14 19 55 82 37 71 38 38 80 33 52 22 22 39 15 19 100 7 100 5 36 49
442 490307
310 490064
613 490094
276 490114
971 489864
892 490451
683 489726
827 490106
390 489848
624 489595
981 490479
119 489981
505 490306
683 490530
147 489668
137 489958
719 490100
79 490205
499 489599
375 490067
107 20
6 5 82 76 63 43 87 52 37 97 14 3 97 38 40 96 20 27 52 89 63 42 17 8 82 30 98 48 54 66 57 59 22 90 86 36 33 24 39 21 20 52 23 68 89 14 64 60 41 67 1 3 60 69 63 42 98 60 41 3 78 50 14 51 39 51 87 71 75 77 91 46 29 66 14 69 79 29 81 19 47 33 22 7 1 84 100 51 95 40 5 72 41 18 23 80 69 61 2 95 37 93 40 17 10 53 86
13 5692
58 5759
90 5765
39 5774
102 5743
58 5729
53 5702
77 5685
22 5754
23 5764
107 5762
106 5714
97 5761
104 5774
94 5766
96 5740
32 5733
58 5726
59 5683
57 5726
996 20
13 28 57 88 36 89 56 61 95 51 7 61 100 46 16 92 25 87 42 9 43 83 73 68 82 16 42 12 96 17 8 8 44 64 47 31 5 3 44 51 5 2 12 4 47 79 48 24 65 89 84 59 23 8 26 4 75 67 67 70 83 74 77 79 89 75 61 93 77 4 44 34 5 7 89 4 37 36 79 1 76 62 11 98 21 36 53 95 54 19 64 88 44 92 18 33 66 79 77 95 34 20 28 39 78 68 94 14 4 72 66 31 85 76 29 5 11 33 51 16 4 14 56 47 5 73 31 70 51 8 16 85 79 95 75 57 63 68 22 18 91 88 48 27 63 28 83 26 61 33 41 64 46 96 62 2 69 93 23 71 52 39 7 30 33 33 38 47 52 60 64 42 47 12 20 9 91 2 34 51 86 27 66 31 74 80 84 94 72 7 65 75 45 23 4 29 56 42 28 7 53 91 1 99 54 20 59 45 74 45 47 59 71 13 42 44 44 25 38 67 31 54 41 27 28 44 8 83 37 35 42 89 77 94 39 83 65 98 79 38 42 25 49 12 89 42 7 32 66 96 98 49 1 90 27 29 34 86 63 22 72 4 63 1 49 1 83 14 98 61 3 39 37 3 2 78 44 9 9 10 56 59 10 57 48 88 85 33 74 47 7 45 3 69 45 51 69 79 16 67 39 71 57 28 73 11 5 17 71 65 78 26 23 39 82 23 26 18 55 99 17 61 44 19 81 40 21 50 19 37 68 9 59 76 36 31 86 92 47 56 57 76 34 79 14 67 53 40 85 60 38 1 72 33 71 53 25 91 2 95 79 21 3 37 96 91 20 34 82 66 89 38 94 74 69 7 41 73 98 25 32 88 77 4 72 47 56 96 89 9 90 68 29 45 56 76 87 75 9 68 93 50 58 38 23 78 96 63 50 94 39 82 81 15 37 52 61 92 100 50 52 41 69 32 85 76 7 71 3 68 91 47 17 48 84 39 77 79 54 26 72 92 59 4 7 95 8 19 38 7 68 89 47 88 20 32 64 79 54 66 46 44 64 62 43 47 52 19 25 57 45 49 49 55 4 7 50 11 25 87 17 93 28 64 32 99 47 95 77 52 12 22 96 75 35 38 73 39 9 50 95 5 50 95 59 53 1 8 64 26 47 80 70 26 95 53 24 93 48 53 45 11 74 40 38 61 29 62 99 37 11 93 41 60 40 52 13 40 59 28 17 57 7 38 82 54 91 58 46 90 10 90 52 35 81 41 95 10 3 45 98 13 90 91 25 29 42 89 20 52 16 89 61 74 26 42 27 68 51 25 9 12 14 13 47 95 53 93 56 55 90 5 20 79 95 44 59 88 32 78 92 47 18 52 72 96 45 99 63 96 23 24 7 88 36 5 34 40 50 89 95 39 94 14 69 40 9 27 80 92 56 71 90 74 22 61 69 66 11 83 13 85 58 72 73 93 76 6 85 77 47 79 15 40 44 35 31 4 61 10 95 69 32 84 94 53 44 62 71 7 96 83 91 54 6 63 98 34 21 82 10 67 12 77 58 7 11 88 10 24 98 4 92 29 39 85 34 35 98 56 41 93 90 31 46 96 46 44 29 66 25 38 84 89 14 41 95 77 28 5 100 77 60 91 58 99 27 43 33 24 98 73 16 87 55 14 82 100 9 62 17 85 52 100 73 17 40 68 93 20 72 92 96 31 34 5 81 12 47 13 35 44 37 3 31 44 68 64 43 76 78 12 60 29 11 85 45 3 52 38 22 75 81 69 57 67 74 38 78 20 2 65 16 91 19 98 34 86 61 28 13 90 39 72 18 2 56 63 4 59 52 77 33 84 45 90 50 18 79 80 90 80 96 5 70 14 2 55 99 14 83 11 4 73 34 21 74 42 35 29 100 38 57 33 22 2 74 23 71 52 54 12 31 49 16 53 62 69 7 12 83 41 74 38 14 8 58 87 1 45 68 100 82 24 84 55 77 57 78 48 60 83 11 91 32 27 95 45 95 53 57 29 94 82 66 7 89 76 45 41 20 12 41 53 36 76 8 64 85 85 11 44 19 74 86 50 100 80 95 46 33 3 27 26 84 44 32 25 19 76 65 90 40 57 43 27 33 50 90 17 86 53 12 4 26 98 54 77 77 100 22 61 54 100 38 37 44 69 13 62 97 78 52 88 86 46 14 70 95 3 38 80 55 50 35 80 47 88 56 75 39 30 88 92 81 25 81 24 94 93 38 42 22 41 29 8
690 495949
97 495539
40 495784
23 496332
300 496162
282 495905
933 495965
224 496060
127 495980
567 496244
812 496268
711 495562
899 496115
538 496370
636 496073
488 496258
991 495923
220 496473
230 496345
128 496058
925 20
46 98 62 35 90 37 57 16 3 59 19 1 85 15 91 48 4 55 3 73 26 43 87 78 14 45 95 95 8 80 73 53 29 34 39 70 22 95 86 24 54 56 24 38 71 67 38 26 21 40 51 99 35 37 76 48 33 22 95 41 1 19 93 82 4 32 51 26 78 88 1 31 44 77 21 66 43 58 43 15 49 93 13 83 82 40 83 66 62 29 58 14 99 51 95 2 34 46 79 63 85 80 46 28 56 66 45 50 75 88 64 75 32 77 58 65 16 92 31 29 72 88 43 70 90 37 23 75 34 2 38 19 33 83 98 88 100 95 37 26 82 100 100 13 28 9 78 96 100 60 24 71 47 66 92 89 3 15 63 88 68 52 58 100 86 8 87 85 2 75 10 35 26 10 99 54 70 28 49 70 87 72 92 86 38 84 74 92 50 88 31 17 40 89 16 25 48 54 62 49 28 71 83 53 32 33 58 2 61 6 23 47 30 66 32 67 1 57 10 50 45 40 18 84 80 33 60 79 38 21 79 65 44 13 70 27 46 27 80 6 85 2 52 14 20 36 32 20 92 41 22 88 32 39 71 64 24 31 94 61 3 73 78 46 85 47 73 30 73 52 87 9 6 39 22 25 26 53 96 17 45 17 5 29 8 27 92 31 9 85 43 12 9 20 9 94 66 81 75 91 85 62 99 42 52 73 66 77 25 13 45 22 30 1 50 89 80 93 71 40 77 13 3 38 33 12 83 50 44 57 40 28 70 91 21 73 63 86 49 39 51 46 60 32 98 9 20 77 1 90 17 30 2 19 67 86 82 49 36 26 57 27 5 79 17 26 51 31 63 100 70 13 97 81 44 94 90 15 23 42 4 91 71 58 61 89 43 95 89 78 20 98 5 76 76 73 53 26 4 16 77 25 80 25 5 76 71 46 90 93 88 46 35 10 3 47 51 97 41 91 75 12 40 31 88 15 3 40 93 58 7 69 34 39 94 91 66 16 88 7 8 75 52 94 37 6 92 39 3 33 81 29 44 21 59 83 87 13 23 79 23 81 100 8 19 93 98 36 8 86 43 67 12 46 12 100 52 3 90 6 87 71 34 31 43 44 13 29 8 87 8 82 20 7 90 90 51 39 26 10 76 68 28 40 13 91 39 16 93 81 21 80 3 6 62 45 1 26 73 9 65 32 42 84 38 83 25 40 74 50 49 49 69 76 88 34 66 79 49 11 11 22 42 13 27 55 57 28 80 81 88 96 13 29 31 2 64 56 42 37 57 42 85 26 70 25 59 35 55 59 97 65 80 90 77 59 44 85 86 76 17 25 71 29 5 54 83 68 9 24 4 17 65 41 42 34 17 52 21 71 63 69 87 42 59 63 100 54 99 37 29 15 13 52 96 18 57 78 37 17 53 93 33 69 85 27 3 1 78 75 23 92 95 9 34 53 23 85 59 21 74 87 87 86 90 34 55 46 11 44 62 15 36 47 84 20 73 38 72 2 12 94 94 6 2 79 11 24 63 69 96 88 7 82 26 49 16 80 46 78 23 60 93 10 6 28 81 78 65 52 79 28 45 72 85 98 50 95 21 65 15 68 4 74 2 29 22 69 61 19 46 35 78 90 45 83 69 25 12 33 77 91 60 73 14 97 71 16 91 91 32 58 59 35 83 60 64 56 80 24 74 25 58 52 67 54 86 35 79 98 20 7 40 79 79 53 75 49 20 18 92 51 27 2 38 9 13 1 64 92 76 89 16 85 40 34 39 26 21 69 23 40 75 62 70 53 66 97 54 38 66 45 88 44 46 25 52 58 77 67 49 4 55 16 89 47 2 79 24 22 47 46 61 73 59 82 25 76 78 30 13 95 74 53 38 19 29 41 28 6 7 76 9 14 44 49 12 45 27 35 66 73 80 78 97 90 59 74 17 89 3 30 83 77 82 21 47 62 61 75 67 20 2 28 85 45 76 96 89 3 30 6 27 61 83 24 50 94 97 18 34 99 47 16 27 80 88 74 42 1 100 60 72 1 87 56 98 63 3 86 17 32 44 43 92 26 18 93 71 66 10 4 17 9 72 43 40 11 68 33 11 67 93 34 20
856 427985
842 427931
18 427999
861 427827
522 427795
317 428153
875 427965
570 427785
148 427877
357 427770
297 427352
647 427894
867 428171
745 427691
99 427973
579 428195
594 427781
426 427665
824 427863
187 427856
992 20
3 94 18 64 39 60 38 39 66 68 10 66 41 43 34 47 87 69 45 17 22 78 87 44 3 99 67 40 85 38 85 40 32 54 55 22 13 92 12 78 11 73 43 51 15 77 98 54 97 94 22 70 71 8 13 73 6 31 65 91 69 49 82 52 2 36 25 14 27 36 43 37 8 37 87 74 65 36 27 61 30 48 31 100 7 95 25 13 78 89 55 98 89 36 49 42 71 25 55 97 60 49 85 19 85 23 92 50 59 19 62 40 18 44 91 25 91 15 37 68 55 43 65 95 78 65 36 48 89 42 96 100 90 32 18 27 54 9 28 64 79 89 3 97 85 94 73 75 60 9 94 67 3 58 61 80 74 49 27 14 90 74 13 32 57 30 58 10 38 37 26 17 77 80 65 61 25 37 87 85 97 80 3 99 89 15 78 14 63 56 27 5 81 39 36 37 68 45 98 58 81 23 26 57 3 42 70 27 30 56 63 26 88 17 76 76 32 53 42 94 60 68 50 92 7 85 28 26 81 77 35 61 100 12 70 54 53 39 32 82 94 95 59 33 11 34 61 42 38 2 88 49 69 37 40 75 74 19 53 54 96 39 67 47 51 36 100 55 74 83 89 19 77 47 4 40 81 64 33 70 65 72 19 33 61 10 60 34 81 64 39 76 2 57 74 52 92 25 7 17 7 95 88 84 93 91 75 25 6 7 95 70 79 65 54 91 26 65 76 6 28 14 33 30 23 6 33 66 30 91 35 37 37 22 72 82 64 98 6 69 56 52 90 34 16 43 76 94 8 51 99 87 17 32 68 39 89 1 4 19 43 38 7 32 11 30 13 26 79 18 94 34 70 35 20 37 30 95 82 89 46 81 75 62 64 43 100 52 95 55 22 89 93 28 20 3 9 32 81 87 2 26 21 71 61 40 59 90 86 41 78 31 73 52 44 36 46 43 87 92 98 9 81 42 88 100 96 49 32 76 87 33 2 7 55 62 98 65 3 36 57 80 66 29 83 10 64 81 4 3 72 53 63 52 94 50 52 42 50 35 17 37 19 70 95 25 83 93 89 85 80 98 16 45 26 51 6 42 31 10 44 54 14 58 6 60 7 9 1 9 95 69 45 13 91 39 89 73 83 77 10 62 26 77 59 52 79 64 93 61 25 88 15 39 45 72 50 3 80 50 11 26 70 7 90 60 46 78 85 28 6 46 42 32 74 100 83 53 63 27 65 40 66 79 30 62 50 79 16 81 80 27 58 1 33 47 13 30 24 97 58 82 94 51 13 19 50 47 71 64 25 36 3 42 66 32 3 68 62 18 100 41 96 58 42 81 56 54 10 32 2 19 13 47 69 77 65 70 75 88 34 99 75 88 92 92 20 94 59 33 63 11 74 11 20 67 91 75 72 52 6 73 23 70 71 91 46 35 13 20 74 46 70 48 33 61 40 4 6 50 37 21 60 62 31 79 28 73 6 99 24 11 23 46 33 93 89 78 79 1 50 5 98 71 52 82 84 43 86 41 45 74 61 56 35 91 87 62 63 92 12 39 54 34 84 86 78 24 16 8 24 17 12 73 87 16 55 22 10 40 63 54 65 23 10 99 66 96 12 80 39 23 18 92 8 54 30 37 77 45 96 53 61 8 25 99 75 79 21 84 70 83 38 34 57 99 84 22 46 95 54 84 69 71 75 28 24 4 16 53 100 12 5 60 19 29 59 45 60 31 28 81 13 65 15 69 15 50 43 60 97 96 43 65 18 70 45 42 25 60 94 25 71 98 36 41 78 94 85 37 24 13 18 88 29 84 9 96 85 51 55 81 98 50 46 15 19 90 8 95 1 53 19 72 2 55 64 80 100 49 68 76 13 37 15 93 72 23 88 57 25 43 37 22 44 34 89 62 75 96 56 76 1 27 99 2 33 62 33 32 10 1 59 74 89 74 67 61 48 54 17 73 48 53 46 91 87 86 4 13 34 12 88 34 90 86 35 22 48 68 5 9 20 64 83 8 89 1 68 36 54 84 60 54 89 6 96 27 91 100 39 24 63 27 9 52 64 44 25 63 63 29 72 82 44 6 41 32 6 9 20 11 44 79 64 32 36 12 10 79 63 49 54 25 27 63 28 42 58 52 5 20 80 76 53 76 81 93 7 38 1 78 48 97 57 64 80 44 75 90 22 89 90 76 65 68 90 92 9 47 95 13 18 26 40 70 1 20 62 60 57 15 37 57 63 45 20 42 89 46 83 62
990 491589
537 491619
743 492423
261 491585
288 491706
844 492304
148 491573
326 491768
611 491757
596 492429
482 491973
300 492197
813 491922
93 492052
76 491765
122 492520
647 491870
854 492131
764 492407
285 492469
915 20
8 40 75 11 54 87 38 29 58 21 22 18 60 25 22 70 73 14 77 52 19 17 7 65 58 52 37 87 96 36 54 55 27 80 18 80 67 55 60 76 75 33 93 86 9 66 7 82 79 83 85 50 51 91 14 8 42 2 46 89 89 99 96 16 78 13 47 96 19 59 24 45 91 68 30 100 34 36 33 64 70 17 65 20 60 79 79 1 32 76 42 21 74 89 88 3 53 86 51 71 44 74 15 87 93 96 38 26 83 70 42 52 38 6 23 97 36 1 50 68 76 43 40 1 31 79 55 83 64 5 5 60 30 19 46 23 66 35 100 48 56 41 51 45 47 73 42 34 25 91 53 100 85 44 52 15 22 6 97 86 63 1 45 44 71 42 66 88 28 18 87 83 58 37 27 56 61 20 90 85 62 94 36 46 38 39 60 59 96 8 96 58 60 92 2 82 33 19 69 12 36 7 46 46 95 25 1 55 44 42 91 6 88 26 3 25 16 15 35 12 74 31 21 34 22 22 67 7 93 88 18 80 94 64 25 89 88 78 95 83 71 86 40 58 63 43 82 79 9 17 90 82 47 62 15 20 36 82 26 28 21 96 7 14 59 84 54 98 61 49 32 31 34 72 89 48 66 70 26 74 38 67 55 36 81 22 56 16 55 33 43 75 28 1 40 38 84 94 87 44 42 19 75 27 42 15 26 59 36 4 32 74 22 38 61 2 11 16 17 65 49 59 91 28 12 31 66 95 76 52 39 69 22 65 47 15 31 72 73 66 75 4 91 97 94 52 98 4 19 67 21 19 25 63 47 36 93 64 83 20 15 73 88 89 37 86 3 19 58 76 84 84 31 75 80 24 78 30 80 96 96 52 15 72 14 13 60 59 76 42 78 42 14 18 30 2 3 33 20 60 60 55 96 90 81 75 66 58 56 97 6 3 48 72 27 13 84 86 71 11 79 49 52 44 18 34 45 20 18 16 32 77 70 27 18 51 53 35 60 9 83 65 63 82 36 89 95 71 26 65 81 4 65 85 47 82 18 43 2 35 58 85 63 80 11 80 82 63 67 41 23 49 58 38 31 45 26 77 16 4 41 48 7 58 32 6 39 1 48 92 87 58 76 49 89 38 81 70 1 47 10 75 47 19 12 29 64 90 5 79 93 98 78 51 55 62 56 45 62 56 89 49 65 64 49 53 2 29 74 54 27 35 28 26 54 92 54 17 81 11 47 73 60 76 23 14 37 31 10 51 38 98 51 54 14 99 58 15 80 31 20 6 65 47 31 70 90 37 86 70 99 84 42 58 60 17 23 48 99 32 98 88 82 48 41 95 99 98 61 78 28 80 35 44 78 66 14 68 54 51 37 52 87 31 9 46 99 83 93 97 14 43 36 95 42 76 41 40 73 1 69 52 80 4 95 10 21 60 77 74 11 65 25 97 47 85 94 45 67 38 93 32 32 28 79 74 3 19 65 27 72 86 78 3 89 25 12 61 84 40 34 46 5 10 94 3 46 87 48 12 77 92 95 8 20 73 33 74 44 50 1 15 35 30 17 75 54 81 35 90 72 68 87 28 29 81 31 74 19 78 37 47 69 31 55 40 56 39 14 99 88 14 65 22 95 81 48 49 13 82 90 85 49 76 12 29 8 42 2 27 71 38 73 92 21 79 31 76 70 44 74 57 9 38 31 4 70 78 4 35 12 45 19 60 20 82 41 28 76 42 6 46 32 30 89 52 61 20 79 30 15 52 86 24 41 68 79 62 98 34 96 9 78 66 20 49 100 60 28 75 54 33 72 85 15 61 88 75 80 18 4 94 69 41 69 61 61 99 74 58 84 22 18 13 87 37 62 38 49 89 12 2 74 84 38 40 96 77 14 75 94 69 20 14 61 41 74 21 91 99 30 75 20 47 87 59 84 100 96 32 41 8 85 66 43 22 5 38 50 70 64 43 38 35 56 50 27 81 71 70 79 100 44 99 99 82 9 34 34 4 17 74 63 1 91 5 74 95 94 23 16 9 65 53 96 20 54 22 52 24 91 82 76 86 32 74 20 40 59 5 44 75 78 6 75
205 418453
298 418807
93 418941
769 418599
361 418558
574 418574
476 418731
773 418254
588 418312
114 418841
691 418167
51 418874
217 418921
305 418450
894 418418
175 418888
355 418292
753 418317
300 418158
310 418411
964 20
65 81 3 2 88 16 29 28 4 45 100 17 33 12 88 72 18 33 93 82 4 80 8 22 85 42 13 17 43 37 34 8 17 36 9 56 51 89 83 54 33 35 22 65 46 9 89 15 93 81 97 96 12 4 69 96 45 81 65 88 69 98 95 85 33 55 40 35 43 74 40 27 8 61 44 5 21 32 20 13 64 68 60 27 71 80 75 68 12 39 7 80 36 53 16 20 7 55 6 49 28 45 75 88 57 18 92 29 1 63 93 16 30 52 43 53 83 69 20 46 7 78 25 94 30 40 13 88 46 18 88 25 14 14 12 22 84 56 2 84 18 94 100 48 97 94 52 79 62 23 24 20 100 100 13 81 91 25 20 88 94 7 12 59 20 76 32 3 83 33 39 100 26 90 99 74 83 50 52 96 24 27 15 23 78 79 55 20 55 74 7 48 80 70 58 52 97 89 6 79 73 44 79 50 33 29 23 67 31 26 62 54 4 28 29 33 6 83 52 60 9 10 59 40 79 68 91 76 8 49 6 80 92 36 81 25 65 3 43 95 28 57 100 83 84 28 15 42 63 66 53 23 75 64 62 6 31 5 33 91 53 38 22 96 74 3 20 90 5 15 36 85 71 87 19 54 67 34 47 29 99 52 3 26 15 16 83 97 72 15 39 24 4 61 20 29 63 91 70 19 5 5 55 75 92 74 81 58 7 79 38 57 30 92 34 96 7 16 45 79 82 83 54 38 95 25 66 57 68 36 28 24 92 82 99 35 55 31 44 13 61 33 70 43 24 3 90 83 71 86 61 4 69 14 41 63 91 7 72 58 94 99 81 37 80 31 72 87 13 67 99 74 100 68 68 75 23 57 57 45 43 69 48 63 35 89 77 25 47 48 82 92 98 14 28 78 45 51 16 57 18 14 82 69 34 49 95 8 58 4 52 100 72 51 62 6 39 38 82 85 38 15 76 35 29 56 64 25 6 79 33 75 45 67 95 78 15 90 85 72 93 88 23 16 38 36 74 29 26 55 65 63 22 93 49 2 48 13 26 5 43 10 80 87 76 26 16 43 67 52 66 11 39 89 27 29 76 52 57 1 6 21 15 79 13 16 80 12 28 5 17 22 67 48 61 42 73 76 84 92 28 50 2 66 90 80 94 65 31 2 18 89 23 32 67 87 47 99 99 26 55 15 100 21 14 60 63 38 35 98 29 62 99 31 80 88 62 25 5 93 27 22 33 1 5 51 39 4 49 37 81 4 3 80 24 68 39 38 6 26 88 34 39 86 16 18 74 78 43 30 22 21 3 54 73 7 4 11 62 53 100 43 8 54 22 83 22 13 21 27 90 8 12 28 45 28 46 70 5 40 99 26 12 1 79 36 60 34 98 21 38 97 63 45 3 37 28 76 1 100 54 90 59 65 17 3 92 14 73 48 5 23 73 16 24 3 51 35 89 1 55 26 97 70 23 51 6 2 26 6 53 31 47 11 96 63 65 39 29 89 87 33 12 11 49 87 66 51 21 54 51 27 31 100 96 53 2 1 6 80 58 58 10 4 68 57 19 85 48 47 73 34 79 84 96 79 22 13 82 94 18 84 21 49 35 16 53 37 69 59 68 78 16 77 82 36 86 52 72 33 98 44 18 28 80 13 7 1 78 40 95 95 23 67 95 58 82 48 46 2 58 13 80 25 41 13 60 26 64 31 10 13 27 27 40 6 92 98 58 69 37 4 63 12 70 58 21 52 57 18 5 14 82 84 38 22 96 50 100 59 32 9 71 58 36 63 15 79 12 73 47 49 28 61 12 98 70 84 1 26 1 5 91 82 89 29 55 84 30 54 95 61 15 17 71 2 31 85 80 43 9 78 43 37 38 54 86 8 89 86 33 89 90 76 22 30 4 76 66 85 82 12 45 48 28 67 49 59 4 80 53 12 57 95 100 46 100 37 53 88 22 38 28 64 13 49 93 68 76 58 52 9 69 48 8 49 15 56 59 18 87 11 81 95 57 33 41 56 69 93 43 43 82 22 6 46 70 50 13 97 8 64 58 28 64 65 28 78 73 38 47 59 100 27 54 56 11 46 11 32 38 5 74 72 26 79 17 47 28 30 96 87 45 53 67 8 69 46 37 41 84 83 52 83 62 57 39 24 2 1 55 91 6 28 62 83 6 31 30 86 12 77 24 8
189 464781
200 464438
188 464803
190 464848
891 464474
53 464187
153 464432
463 464781
324 464901
696 464598
25 464669
211 465020
768 464879
504 464368
388 464388
238 464555
1 464694
177 464943
637 464893
342 464568
