100
53970627110400
68049921139200
72743019148800
86822313177600
96208509196800
82376220326400
88057338969600
92067540364800
98417025907200
84810985459200
89951045184000
74530866009600
79670925734400
95091104908800
80955940665600
96376119840000
98946149702400
86952677011200
92949413356800
86738507856000
67463283888000
85062401424000
90928773936000
94448597443200
55898149507200
59753194300800
71318328681600
79028418268800
82883463062400
90593552649600
75340984118400
89923110076800
99644527382400
96124703875200
91202243932800
78257409310080
83654472021120
99845660154240
93163582512000
99588657168000
83847224260800
89629791451200
74209612276800
93568641566400
87702269054400
78707164536000
99239468328000
46581791256000
49794328584000
59431940568000
65857015224000
69069552552000
75494627208000
62784153432000
74935925064000
83037106152000
87087696696000
95188877784000
80103919896000
88763803128000
93093744744000
76001869944000
90711909288000
96967903032000
84943266408000
65214507758400
69712060017600
83204716795200
92199821313600
96697373572800
87897814804800
91300310861760
97596884024640
57761421157440
68941051058880
76394137659840
80120680960320
87573767561280
73695606304320
81662698877760
85646245164480
93613337737920
97468382531520
92920547079360
96269035262400
84329104860000
69872686884000
74691492876000
89147910852000
98785522836000
94176230148000
97821761637600
86642131736160
92762015346000
48910880818800
52284045013200
62403537596400
69149865985200
72523030179600
79269358568400
